['EVENS\n', 16, 28, 12, 3, 6],1EVEN
['EVENS\n', 6, 5, 20, 6, 23],1[23, 14, 13, 7, 4, 'EVENS\n'],6All
[15, 12, 'EVENS\n', 4, 24, 28],3EVEN
[6, 27, 4, 16, 5, 10],310[10, 9, 2, 'EVENS\n', 28, 22],4[6, 4, 15, 'EVENS\n', 30, 27],4EVEN
[29, 4, 19, 12, 15, 3],6All
[9, 'EVENS\n', 3, 14, 20, 30],2EVEN
[13, 6, 'EVENS\n', 18, 30, 4],3EVEN
[26, 15, 7, 3, 2, 29],5[3, 25, 4, 15, 7, 13],125[12, 4, 22, 14, 'EVENS\n', 30],5EVEN
[30, 4, 13, 28, 'EVENS\n', 10],5All
[6, 'EVENS\n', 'EVENS\n', 28, 14, 16],2EVEN
[26, 3, 3, 9, '2ga', 7],2